TopologicalSortTest

DM =

     0     0     1     1     1     1


sorted =

     []


EE =

     0     0     1     0     0     0
     0     0     0     0     1     0
     0     0     0     1     0     1
     0     0     0     0     0     1
     0     0     0     1     0     1
     0     0     0     0     0     0


EE =

     0     0     1     0     0     0
     0     0     0     0     1     0
     0     0     0     1     0     1
     0     0     0     0     0     1
     0     0     0     1     0     1
     0     0     0     0     0     0


EE =

     0     0     1     0     0     0
     0     0     0     0     1     0
     0     0     0     1     0     1
     0     0     0     0     0     1
     0     0     0     1     0     1
     0     0     0     0     0     0


EE =

     0     0     1     0     0     0
     0     0     0     0     1     0
     0     0     0     1     0     1
     0     0     0     0     0     1
     0     0     0     1     0     1
     0     0     0     0     0     0


EE =

     0     0     1     0     0     0
     0     0     0     0     1     0
     0     0     0     1     0     1
     0     0     0     0     0     1
     0     0     0     1     0     1
     0     0     0     0     0     0


EE =

     0     0     1     0     0     0
     0     0     0     0     1     0
     0     0     0     1     0     1
     0     0     0     0     0     1
     0     0     0     1     0     1
     0     0     0     0     0     0


DM =

    -1    -1     1     1     1     1


sorted =

     1     2


DM =

    -1    -1     1     1     1     1


sorted =

     1     2


DM =

    -1    -1     1     1     1     1


sorted =

     1     2


DM =

    -1    -1     1     1     1     1


sorted =

     1     2


DM =

    -1    -1     1     1     1     1


sorted =

     1     2


DM =

    -1    -1     1     1     1     1


sorted =

     1     2


DM =

    -1    -1     1     1     1     1


sorted =

     1     2


DM =

    -1    -1     1     1     1     1


sorted =

     1     2


DM =

    -1    -1     1     1     1     1


sorted =

     1     2


DM =

    -1    -1     1     1     1     1


sorted =

     1     2


DM =

    -1    -1     1     1     1     1


sorted =

     1     2


DM =

    -1    -1     1     1     1     1


sorted =

     1     2


DM =

    -1    -1     1     1     1     1


sorted =

     1     2


DM =

    -1    -1     1     1     1     1


sorted =

     1     2


DM =

    -1    -1     1     1     1     1


sorted =

     1     2


DM =

    -1    -1     1     1     1     1


sorted =

     1     2


DM =

    -1    -1     1     1     1     1


sorted =

     1     2


DM =

    -1    -1     1     1     1     1


sorted =

     1     2


DM =

    -1    -1     1     1     1     1


sorted =

     1     2


DM =

    -1    -1     1     1     1     1


sorted =

     1     2


DM =

    -1    -1     1     1     1     1


sorted =

     1     2


DM =

    -1    -1     1     1     1     1


sorted =

     1     2


DM =

    -1    -1     1     1     1     1


sorted =

     1     2


DM =

    -1    -1     1     1     1     1


sorted =

     1     2


DM =

    -1    -1     1     1     1     1


sorted =

     1     2


DM =

    -1    -1     1     1     1     1


sorted =

     1     2


DM =

    -1    -1     1     1     1     1


sorted =

     1     2


DM =

    -1    -1     1     1     1     1


sorted =

     1     2


DM =

    -1    -1     1     1     1     1


sorted =

     1     2


DM =

    -1    -1     1     1     1     1


sorted =

     1     2


DM =

    -1    -1     1     1     1     1


sorted =

     1     2


DM =

    -1    -1     1     1     1     1


sorted =

     1     2


DM =

    -1    -1     1     1     1     1


sorted =

     1     2


DM =

    -1    -1     1     1     1     1


sorted =

     1     2


DM =

    -1    -1     1     1     1     1


sorted =

     1     2


DM =

    -1    -1     1     1     1     1


sorted =

     1     2


DM =

    -1    -1     1     1     1     1


sorted =

     1     2


DM =

    -1    -1     1     1     1     1


sorted =

     1     2


DM =

    -1    -1     1     1     1     1


sorted =

     1     2


DM =

    -1    -1     1     1     1     1


sorted =

     1     2


DM =

    -1    -1     1     1     1     1


sorted =

     1     2


DM =

    -1    -1     1     1     1     1


sorted =

     1     2


DM =

    -1    -1     1     1     1     1


sorted =

     1     2


DM =

    -1    -1     1     1     1     1


sorted =

     1     2


DM =

    -1    -1     1     1     1     1


sorted =

     1     2


DM =

    -1    -1     1     1     1     1


sorted =

     1     2


DM =

    -1    -1     1     1     1     1


sorted =

     1     2


DM =

    -1    -1     1     1     1     1


sorted =

     1     2


DM =

    -1    -1     1     1     1     1


sorted =

     1     2


DM =

    -1    -1     1     1     1     1


sorted =

     1     2


DM =

    -1    -1     1     1     1     1


sorted =

     1     2


DM =

    -1    -1     1     1     1     1


sorted =

     1     2


DM =

    -1    -1     1     1     1     1


sorted =

     1     2


DM =

    -1    -1     1     1     1     1


sorted =

     1     2


DM =

    -1    -1     1     1     1     1


sorted =

     1     2


DM =

    -1    -1     1     1     1     1


sorted =

     1     2


DM =

    -1    -1     1     1     1     1


sorted =

     1     2


DM =

    -1    -1     1     1     1     1


sorted =

     1     2


DM =

    -1    -1     1     1     1     1


sorted =

     1     2


DM =

    -1    -1     1     1     1     1


sorted =

     1     2


DM =

    -1    -1     1     1     1     1


sorted =

     1     2


DM =

    -1    -1     1     1     1     1


sorted =

     1     2


DM =

    -1    -1     1     1     1     1


sorted =

     1     2


DM =

    -1    -1     1     1     1     1


sorted =

     1     2


DM =

    -1    -1     1     1     1     1


sorted =

     1     2


DM =

    -1    -1     1     1     1     1


sorted =

     1     2


DM =

    -1    -1     1     1     1     1


sorted =

     1     2


DM =

    -1    -1     1     1     1     1


sorted =

     1     2


DM =

    -1    -1     1     1     1     1


sorted =

     1     2


DM =

    -1    -1     1     1     1     1


sorted =

     1     2


DM =

    -1    -1     1     1     1     1


sorted =

     1     2


DM =

    -1    -1     1     1     1     1


sorted =

     1     2


DM =

    -1    -1     1     1     1     1


sorted =

     1     2


DM =

    -1    -1     1     1     1     1


sorted =

     1     2


DM =

    -1    -1     1     1     1     1


sorted =

     1     2


DM =

    -1    -1     1     1     1     1


sorted =

     1     2


DM =

    -1    -1     1     1     1     1


sorted =

     1     2


DM =

    -1    -1     1     1     1     1


sorted =

     1     2


DM =

    -1    -1     1     1     1     1


sorted =

     1     2


DM =

    -1    -1     1     1     1     1


sorted =

     1     2


DM =

    -1    -1     1     1     1     1


sorted =

     1     2


DM =

    -1    -1     1     1     1     1


sorted =

     1     2


DM =

    -1    -1     1     1     1     1


sorted =

     1     2


DM =

    -1    -1     1     1     1     1


sorted =

     1     2


DM =

    -1    -1     1     1     1     1


sorted =

     1     2


DM =

    -1    -1     1     1     1     1


sorted =

     1     2


DM =

    -1    -1     1     1     1     1


sorted =

     1     2


DM =

    -1    -1     1     1     1     1


sorted =

     1     2


DM =

    -1    -1     1     1     1     1


sorted =

     1     2


DM =

    -1    -1     1     1     1     1


sorted =

     1     2


DM =

    -1    -1     1     1     1     1


sorted =

     1     2


DM =

    -1    -1     1     1     1     1


sorted =

     1     2


DM =

    -1    -1     1     1     1     1


sorted =

     1     2


