
costs =

    -1    -1    -1    -1


costs =

     5     5     5     5


costs =

     5     5     5     5


costs =

     7     7     7     7


costs =

    -1    -1    -1    -1


costs =

     7     7     7     7


costs =

     8     8    -1     8


costs =

     5     5     5     5


costs =

    -1    -1    -1    -1


costs =

     5     5     5     5


costs =

    10    10    -1    10


costs =

    -1    -1    -1    -1


costs =

     5     5     5     5


costs =

     6     6     6     6


costs =

    -1    -1    -1    -1


costs =

     8     8     8     8


costs =

     7     7     7     7


costs =

     5     5     5     5


costs =

    -1    -1    -1    -1


costs =

     9     9    -1     9


costs =

    -1    -1    -1    -1


costs =

     9     9    -1     9


costs =

    -1    -1    -1    -1


costs =

    14    14    -1    14


costs =

    -1    -1    -1    -1


costs =

     6     6     6     6
    -1    -1    -1    -1
    -1    -1    -1    -1
     5     5     5     5
    -1    -1    -1    -1
    -1    -1    -1    -1
    -1    -1    -1    -1
    -1    -1    -1    -1
    -1    -1    -1    -1
    -1    -1    -1    -1
    -1    -1    -1    -1
     6     6     6     6


costs =

     7     7     7     7
     7     7     7     7
     7     7     7     7
     9     9     9     9
     8     8     8     8
     8     8     8     8
     8     8     8     8
    -1    -1    -1    -1
     8     8     8     8
     8     8     8     8
    -1    -1    -1    -1
     5     5     5     5


costs =

    -1    -1    -1    -1
    16    16    16    16
    10    10    10    10
    -1    -1    -1    -1
    -1    -1    -1    -1
    -1    -1    -1    -1
    -1    -1    -1    -1
    13    13    13    13
    -1    -1    -1    -1
    -1    -1    -1    -1
    -1    -1    -1    -1
    -1    -1    -1    -1


costs =

    11    11    -1    -1


costs =

    -1    -1    -1    -1
     8     8     8     8
    -1    -1    -1    -1
    -1    -1    -1    -1
    13    13    13    13
     9     9     9     9
    14    14    14    14
    -1    -1    -1    -1
    -1    -1    -1    -1
    -1    -1    -1    -1
    12    12    12    12
    10    10    10    10
    -1    -1    -1    -1
    12    12    12    12
    -1    -1    -1    -1
    -1    -1    -1    -1
    11    11    11    11
    -1    -1    -1    -1
     9     9     9     9
    -1    -1    -1    -1
     9     9     9     9
    -1    -1    -1    -1
    -1    -1    -1    -1
    12    12    12    12
    -1    -1    -1    -1
    -1    -1    -1    -1
     9     9     9     9
    12    12    12    12
    11    11    11    11
    -1    -1    -1    -1
    -1    -1    -1    -1
    10    10    10    10
    -1    -1    -1    -1
    12    12    12    12
    11    11    11    11
    11    11    11    11
    -1    -1    -1    -1
    -1    -1    -1    -1
    -1    -1    -1    -1
    13    13    13    13
    12    12    12    12
    -1    -1    -1    -1
    11    11    11    11
    15    15    15    15
    -1    -1    -1    -1
    11    11    11    11
    -1    -1    -1    -1
    -1    -1    -1    -1
    -1    -1    -1    -1
    -1    -1    -1    -1
    10    10    10    10
    13    13    13    13
    -1    -1    -1    -1
    -1    -1    -1    -1
    12    12    12    12
    15    15    15    15
    -1    -1    -1    -1
    -1    -1    -1    -1
    10    10    10    10
    -1    -1    -1    -1
    -1    -1    -1    -1
    14    14    14    14
    13    13    13    13
    -1    -1    -1    -1
    -1    -1    -1    -1
    -1    -1    -1    -1
    -1    -1    -1    -1
    14    14    14    14
    12    12    12    12
     9     9     9     9
    14    14    14    14
    12    12    12    12
    11    11    11    11
    -1    -1    -1    -1
    12    12    12    12
    -1    -1    -1    -1
    11    11    11    11
    12    12    12    12
     9     9     9     9
    13    13    13    13
    14    14    14    14
    -1    -1    -1    -1
    13    13    13    13
    -1    -1    -1    -1
    -1    -1    -1    -1
    15    15    15    15
    -1    -1    -1    -1
    10    10    10    10
    -1    -1    -1    -1
    -1    -1    -1    -1
    -1    -1    -1    -1
    14    14    14    14
    14    14    14    14
    13    13    13    13
    -1    -1    -1    -1
    12    12    12    12
     9     9     9     9
    -1    -1    -1    -1
    12    12    12    12
    -1    -1    -1    -1
    13    13    13    13
    11    11    11    11
    -1    -1    -1    -1
    -1    -1    -1    -1
    -1    -1    -1    -1
    11    11    11    11
    -1    -1    -1    -1
    -1    -1    -1    -1
    -1    -1    -1    -1
    11    11    11    11
    14    14    14    14
    14    14    14    14
    15    15    15    15
    -1    -1    -1    -1
    -1    -1    -1    -1
     9     9     9     9
    -1    -1    -1    -1
    10    10    10    10
    -1    -1    -1    -1
    -1    -1    -1    -1


costs =

    10    10    10    10


costs =

     5     5     5     5


costs =

     6     6     6     6


costs =

     8     8     8     8


costs =

     8     8     8     8


costs =

     7     7     7     7


costs =

    -1    -1    -1    -1


costs =

     7     7     7     7


costs =

    -1    -1    -1    -1


costs =

     7     7     7     7


costs =

    11    11    11    11


costs =

     7     7     7     7


costs =

    10    10    10    10


costs =

     9     9     9     9


costs =

    -1    -1    -1    -1


costs =

     9     9     9     9


costs =

     9     9     9     9


costs =

    -1    -1    -1    -1


costs =

    10    10    10    10


costs =

    -1    -1    -1    -1


costs =

    10    10    10    10


costs =

    18    18    -1    18


costs =

    18    18    -1    18


costs =

    18    18    -1    18


costs =

    18    18    -1    18


costs =

    17    17    -1    17


costs =

    17    17    -1    17


costs =

    18    18    -1    18


costs =

    16    16    -1    16


costs =

    18    18    -1    18


costs =

    16    16    -1    16


costs =

    18    18    -1    18


costs =

    16    16    -1    16


costs =

    16    16    -1    16


costs =

    18    18    -1    18


costs =

    18    18    -1    18


costs =

    16    16    -1    16


costs =

     0     0     0    16


costs =

     0     0     0    18


costs =

     0     0     0    18


costs =

     0     0     0    18


costs =

     0     0     0    18


costs =

     0     0     0    18


costs =

     0     0     0    18


costs =

     0     0     0    16


costs =

     0     0     0    16


costs =

     0     0     0    16


costs =

     0     0     0    16


costs =

     0     0     0    16


costs =

     0     0     0    16


costs =

     0     0     0    16


costs =

     0     0     0    16


costs =

     0     0     0    16


costs =

     0     0     0    16


costs =

     0     0     0    -1


costs =

     0     0     0    -1


costs =

     0     0     0    -1


costs =

     0     0     0    -1


costs =

    -1    -1    -1    -1


costs =

    -1    -1    -1    -1


costs =

    -1    -1    -1    -1


costs =

    -1    -1    -1    -1


costs =

    11    11    11    11


costs =

    -1    -1    -1    -1


costs =

    11    11    11    11


costs =

    10    10    10    10


costs =

    10    10    10    10


costs =

    11    11    11    11


costs =

     8     8     8     8


costs =

    10    10    10    10


costs =

    10    10    10    10


costs =

    -1    -1    -1    -1


costs =

    -1    -1    -1    -1


costs =

     9     9     9     9


costs =

    -1    -1    -1    -1


costs =

     9     9     9     9


costs =

    -1    -1    -1    -1


costs =

     9     9     9     9


costs =

    -1    -1    -1    -1


costs =

     0     0     0    -1


costs =

     0     0     0    -1


costs =

     0     0     0    -1


costs =

     0     0     0    -1


costs =

     0     0     0    -1


costs =

    -1    -1    -1    -1


costs =

    -1     0     0     0


