ExhaustiveSearch(V, SS, S, TT, T, EE, E, ST, 0, 0, 0)

ans =

     1     3     4     6     7


ans =

     1     3     8


ans =

     1     3     4     6    10


ans =

     2     5     4     6     7


ans =

     2     5     4     6    10

----

ans =

     1     3     4     6     7


ans =

     1     3     8


ans =

     1     3     4     6     9    10


ans =

     2     5     4     6     7


ans =

     2     5     4     6     9    10

----

ans =

     1     3     4     6     7


ans =

     1     3     8


ans =

     1     3     4     6    10


ans =

     2     5     7


ans =

     2     5     4     6    10

----

ans =

     1     3     4     6     7


ans =

     1     3     4     6     9    11     8


ans =

     1     3     4     6     9    10


ans =

     2     5     4     6     7


ans =

     2     5     4     6     9    10

----

ans =

     1     3     4     6     7


ans =

     1     3     4     6     9    11     8


ans =

     1     3     4     6    10


ans =

     2     5     4     6     7


ans =

     2     5     4     6    10

----

ans =

     1     3     4     6     7


ans =

     1     3     8


ans =

     1     3     4     6     9    10


ans =

     2     5     4     6     7


ans =

     2     5     4     6    10

----

ans =

     1     3     4     6     7


ans =

     1     3     8


ans =

     1     3     4     6     9    10


ans =

     2     5     7


ans =

     2     5     4     6     9    10

----

ans =

     1     3     4     6     7


ans =

     1     3     8


ans =

     1     3     4     6    10


ans =

     2     5     4     6     7


ans =

     2     5     4     6     9    10

----

ans =

     1     3     4     6     7


ans =

     1     3     8


ans =

     1     3     9    10


ans =

     2     5     4     6     7


ans =

     2     5     4     6     9    10

----

ans =

     1     3     4     6     7


ans =

     1     3     8


ans =

     1     3     9    10


ans =

     2     5     4     6     7


ans =

     2     5     4     6    10

----

ans =

     1     3     4     6     7


ans =

     1     3     9    11     8


ans =

     1     3     4     6    10


ans =

     2     5     4     6     7


ans =

     2     5     4     6    10

----

ans =

     1     3     4     6     7


ans =

     1     3     4     6     9    11     8


ans =

     1     3     4     6     9    10


ans =

     2     5     4     6     7


ans =

     2     5     4     6    10

----

ans =

     1     3     4     6     7


ans =

     1     3     4     6     9    11     8


ans =

     1     3     4     6     9    10


ans =

     2     5     7


ans =

     2     5     4     6     9    10

----

ans =

     1     3     4     6     7


ans =

     1     3     4     6     9    11     8


ans =

     1     3     4     6    10


ans =

     2     5     4     6     7


ans =

     2     5     4     6     9    10

----

ans =

     1     3     4     6     7


ans =

     1     3     4     6     9    11     8


ans =

     1     3     4     6    10


ans =

     2     5     7


ans =

     2     5     4     6    10

----

ans =

     1     3     4     6     7


ans =

     1     3     4     6     9    11     8


ans =

     1     3     9    10


ans =

     2     5     4     6     7


ans =

     2     5     4     6     9    10

----

ans =

     1     3     4     6     7


ans =

     1     3     8


ans =

     1     3     4     6     9    10


ans =

     2     5     7


ans =

     2     5     4     6    10

----

ans =

     1     3     4     6     7


ans =

     1     3     8


ans =

     1     3     4     6    10


ans =

     2     5     7


ans =

     2     5     4     6     9    10

----

ans =

     1     3     4     6     7


ans =

     1     3     8


ans =

     1     3     9    10


ans =

     2     5     7


ans =

     2     5     4     6     9    10

----

ans =

     1     3     4     6     7


ans =

     1     3     8


ans =

     1     3     9    10


ans =

     2     5     7


ans =

     2     5     4     6    10

----

ans =

     1     3     4     6     7


ans =

     1     3     9    11     8


ans =

     1     3     4     6     9    10


ans =

     2     5     4     6     7


ans =

     2     5     4     6     9    10

----

ans =

     1     3     4     6     7


ans =

     1     3     9    11     8


ans =

     1     3     4     6    10


ans =

     2     5     7


ans =

     2     5     4     6    10

----

ans =

     1     3     4     6     7


ans =

     1     3     9    11     8


ans =

     1     3     9    10


ans =

     2     5     4     6     7


ans =

     2     5     4     6     9    10

----

ans =

     1     3     4     6     7


ans =

     1     3     9    11     8


ans =

     1     3     9    10


ans =

     2     5     4     6     7


ans =

     2     5     4     6    10

----

ans =

     1     3     4     6     7


ans =

     1     3     4     6     9    11     8


ans =

     1     3     4     6     9    10


ans =

     2     5     7


ans =

     2     5     4     6    10

----

ans =

     1     3     4     6     7


ans =

     1     3     4     6     9    11     8


ans =

     1     3     4     6    10


ans =

     2     5     7


ans =

     2     5     4     6     9    10

----

ans =

     1     3     4     6     7


ans =

     1     3     4     6     9    11     8


ans =

     1     3     9    10


ans =

     2     5     4     6     7


ans =

     2     5     4     6    10

----

ans =

     1     3     4     6     7


ans =

     1     3     4     6     9    11     8


ans =

     1     3     9    10


ans =

     2     5     7


ans =

     2     5     4     6     9    10

----

ans =

     1     3     4     6     7


ans =

     1     3     9    11     8


ans =

     1     3     4     6     9    10


ans =

     2     5     4     6     7


ans =

     2     5     4     6    10

----

ans =

     1     3     4     6     7


ans =

     1     3     9    11     8


ans =

     1     3     4     6     9    10


ans =

     2     5     7


ans =

     2     5     4     6     9    10

----

ans =

     1     3     4     6     7


ans =

     1     3     9    11     8


ans =

     1     3     4     6    10


ans =

     2     5     4     6     7


ans =

     2     5     4     6     9    10

----

ans =

     1     3     4     6     7


ans =

     1     3     9    11     8


ans =

     1     3     9    10


ans =

     2     5     7


ans =

     2     5     4     6     9    10

----

ans =

     1     3     4     6     7


ans =

     1     3     9    11     8


ans =

     1     3     9    10


ans =

     2     5     7


ans =

     2     5     4     6    10

----

ans =

     1     3     4     6     7


ans =

     1     3     4     6     9    11     8


ans =

     1     3     9    10


ans =

     2     5     7


ans =

     2     5     4     6    10

----

ans =

     1     3     4     6     7


ans =

     1     3     9    11     8


ans =

     1     3     4     6     9    10


ans =

     2     5     7


ans =

     2     5     4     6    10

----

ans =

     1     3     4     6     7


ans =

     1     3     9    11     8


ans =

     1     3     4     6    10


ans =

     2     5     7


ans =

     2     5     4     6     9    10

----

