GenerateGraph

UE =

     0     0     0     0     0     0     0     0     0     0     0     0     0     0     0     0     0     0     0
     0     0     0     0     0     0     0     0     0     0     0     0     0     0     0     0     0     0     0
     0     0     0     0     0     0     0     0     0     0     0     0     0     0     0     0     0     0     0
     0     0     0     0     0     0     0     0     0     0     0     0     0     0     0     0     0     0     0
     0     0     0     0     0     0     0     0     0     0     0     0     0     0     0     0     0     0     0
     0     0     0     0     0     0     0     0     0     0     0     0     0     0     0     0     0     0     0
     0     0     0     0     0     0     0     0     0     0     0     0     0     0     0     0     0     0     0
     0     0     0     0     0     0     0     0     0     0     0     0     0     0     0     0     0     0     0
     0     0     0     0     0     0     0     0     0     0     0     0     0     0     0     0     0     0     0
     0     0     0     0     0     0     0     0     0     0     0     0     0     0     0     0     0     0     0
     0     0     0     0     0     0     0     0     0     0     0     0     0     0     0     0     0     0     0
     0     0     0     0     0     0     0     0     0     0     0     0     0     0     0     0     0     0     0
     0     0     0     0     0     0     0     0     0     0     0     0     0     0     0     0     0     0     0
     0     0     0     0     0     0     0     0     0     0     0     0     0     0     0     0     0     0     0
     0     0     0     0     0     0     0     0     0     0     0     0     0     0     0     0     0     0     0
     0     0     0     0     0     0     0     0     0     0     0     0     0     0     0     0     0     0     0
     0     0     0     0     0     0     0     0     0     0     0     0     0     0     0     0     0     0     0
     0     0     0     0     0     0     0     0     0     0     0     0     0     0     0     0     0     0     0
     0     0     0     0     0     0     0     0     0     0     0     0     0     0     0     0     0     0     0


OV = 

    [1x2 double]    []    []    []    []    []    []    []    []    []    []    []    []    []    []    []    []    []    []
    [1x3 double]    []    []    []    []    []    []    []    []    []    []    []    []    []    []    []    []    []    []
    [1x2 double]    []    []    []    []    []    []    []    []    []    []    []    []    []    []    []    []    []    []
    [1x3 double]    []    []    []    []    []    []    []    []    []    []    []    []    []    []    []    []    []    []
    [1x3 double]    []    []    []    []    []    []    []    []    []    []    []    []    []    []    []    []    []    []
    [1x4 double]    []    []    []    []    []    []    []    []    []    []    []    []    []    []    []    []    []    []
    [1x2 double]    []    []    []    []    []    []    []    []    []    []    []    []    []    []    []    []    []    []
    [1x2 double]    []    []    []    []    []    []    []    []    []    []    []    []    []    []    []    []    []    []
    [1x3 double]    []    []    []    []    []    []    []    []    []    []    []    []    []    []    []    []    []    []
    [1x4 double]    []    []    []    []    []    []    []    []    []    []    []    []    []    []    []    []    []    []
    [1x2 double]    []    []    []    []    []    []    []    []    []    []    []    []    []    []    []    []    []    []
    [1x2 double]    []    []    []    []    []    []    []    []    []    []    []    []    []    []    []    []    []    []
    [1x3 double]    []    []    []    []    []    []    []    []    []    []    []    []    []    []    []    []    []    []
    [1x3 double]    []    []    []    []    []    []    []    []    []    []    []    []    []    []    []    []    []    []
    [         0]    []    []    []    []    []    []    []    []    []    []    []    []    []    []    []    []    []    []
    [         0]    []    []    []    []    []    []    []    []    []    []    []    []    []    []    []    []    []    []
    [         0]    []    []    []    []    []    []    []    []    []    []    []    []    []    []    []    []    []    []
    [         0]    []    []    []    []    []    []    []    []    []    []    []    []    []    []    []    []    []    []
    [         0]    []    []    []    []    []    []    []    []    []    []    []    []    []    []    []    []    []    []

v: 1, ov(i): 2
v: 2, ov(i): 3
v: 3, ov(i): 6
v: 6, ov(i): 5
v: 5, ov(i): 4
v: 4, ov(i): 11
v: 11, ov(i): 14
v: 14, ov(i): 10
v: 10, ov(i): 8
v: 10, ov(i): 9
v: 9, ov(i): 7
v: 10, ov(i): 12
v: 12, ov(i): 13
v: 14, ov(i): 13
v: 13, ov(i): 12
v: 12, ov(i): 10
v: 10, ov(i): 8
v: 10, ov(i): 9
v: 9, ov(i): 7
v: 5, ov(i): 7
v: 7, ov(i): 9
v: 9, ov(i): 10
v: 10, ov(i): 8
v: 10, ov(i): 12
v: 12, ov(i): 13
v: 13, ov(i): 14
v: 14, ov(i): 11
v: 11, ov(i): 4
v: 10, ov(i): 14
v: 14, ov(i): 11
v: 11, ov(i): 4
v: 14, ov(i): 13
v: 13, ov(i): 12
v: 6, ov(i): 8
v: 8, ov(i): 10
v: 10, ov(i): 9
v: 9, ov(i): 7
v: 7, ov(i): 5
v: 5, ov(i): 4
v: 4, ov(i): 11
v: 11, ov(i): 14
v: 14, ov(i): 13
v: 13, ov(i): 12
v: 10, ov(i): 12
v: 12, ov(i): 13
v: 13, ov(i): 14
v: 14, ov(i): 11
v: 11, ov(i): 4
v: 4, ov(i): 5
v: 5, ov(i): 7
v: 7, ov(i): 9
v: 10, ov(i): 14
v: 14, ov(i): 11
v: 11, ov(i): 4
v: 4, ov(i): 5
v: 5, ov(i): 7
v: 7, ov(i): 9
v: 14, ov(i): 13
v: 13, ov(i): 12
v: 6, ov(i): 13
v: 13, ov(i): 12
v: 12, ov(i): 10
v: 10, ov(i): 8
v: 10, ov(i): 9
v: 9, ov(i): 7
v: 7, ov(i): 5
v: 5, ov(i): 4
v: 4, ov(i): 11
v: 11, ov(i): 14
v: 10, ov(i): 14
v: 14, ov(i): 11
v: 11, ov(i): 4
v: 4, ov(i): 5
v: 5, ov(i): 7
v: 7, ov(i): 9
v: 13, ov(i): 14
v: 14, ov(i): 10
v: 10, ov(i): 8
v: 10, ov(i): 9
v: 9, ov(i): 7
v: 7, ov(i): 5
v: 5, ov(i): 4
v: 4, ov(i): 11
v: 10, ov(i): 12
v: 14, ov(i): 11
v: 11, ov(i): 4
v: 4, ov(i): 5
v: 5, ov(i): 7
v: 7, ov(i): 9
v: 9, ov(i): 10
v: 10, ov(i): 8
v: 10, ov(i): 12
v: 2, ov(i): 4
v: 4, ov(i): 5
v: 5, ov(i): 6
v: 6, ov(i): 3
v: 6, ov(i): 8
v: 8, ov(i): 10
v: 10, ov(i): 9
v: 9, ov(i): 7
v: 10, ov(i): 12
v: 12, ov(i): 13
v: 13, ov(i): 14
v: 14, ov(i): 11
v: 10, ov(i): 14
v: 14, ov(i): 11
v: 14, ov(i): 13
v: 13, ov(i): 12
v: 6, ov(i): 13
v: 13, ov(i): 12
v: 12, ov(i): 10
v: 10, ov(i): 8
v: 10, ov(i): 9
v: 9, ov(i): 7
v: 10, ov(i): 14
v: 14, ov(i): 11
v: 13, ov(i): 14
v: 14, ov(i): 10
v: 10, ov(i): 8
v: 10, ov(i): 9
v: 9, ov(i): 7
v: 10, ov(i): 12
v: 14, ov(i): 11
v: 5, ov(i): 7
v: 7, ov(i): 9
v: 9, ov(i): 10
v: 10, ov(i): 8
v: 8, ov(i): 6
v: 6, ov(i): 3
v: 6, ov(i): 13
v: 13, ov(i): 12
v: 13, ov(i): 14
v: 14, ov(i): 11
v: 10, ov(i): 12
v: 12, ov(i): 13
v: 13, ov(i): 6
v: 6, ov(i): 3
v: 6, ov(i): 8
v: 13, ov(i): 14
v: 14, ov(i): 11
v: 10, ov(i): 14
v: 14, ov(i): 11
v: 14, ov(i): 13
v: 13, ov(i): 6
v: 6, ov(i): 3
v: 6, ov(i): 8
v: 13, ov(i): 12
v: 4, ov(i): 11
v: 11, ov(i): 14
v: 14, ov(i): 10
v: 10, ov(i): 8
v: 8, ov(i): 6
v: 6, ov(i): 3
v: 6, ov(i): 5
v: 5, ov(i): 7
v: 7, ov(i): 9
v: 6, ov(i): 13
v: 13, ov(i): 12
v: 10, ov(i): 9
v: 9, ov(i): 7
v: 7, ov(i): 5
v: 5, ov(i): 6
v: 6, ov(i): 3
v: 6, ov(i): 8
v: 6, ov(i): 13
v: 13, ov(i): 12
v: 10, ov(i): 12
v: 12, ov(i): 13
v: 13, ov(i): 6
v: 6, ov(i): 3
v: 6, ov(i): 5
v: 5, ov(i): 7
v: 7, ov(i): 9
v: 6, ov(i): 8
v: 14, ov(i): 13
v: 13, ov(i): 6
v: 6, ov(i): 3
v: 6, ov(i): 5
v: 5, ov(i): 7
v: 7, ov(i): 9
v: 9, ov(i): 10
v: 10, ov(i): 8
v: 10, ov(i): 12
v: 6, ov(i): 8
v: 8, ov(i): 10
v: 10, ov(i): 9
v: 9, ov(i): 7
v: 7, ov(i): 5
v: 10, ov(i): 12
v: 13, ov(i): 12
v: 12, ov(i): 10
v: 10, ov(i): 8
v: 8, ov(i): 6
v: 6, ov(i): 3
v: 6, ov(i): 5
v: 5, ov(i): 7
v: 7, ov(i): 9
v: 10, ov(i): 9
v: 9, ov(i): 7
v: 7, ov(i): 5
v: 5, ov(i): 6
v: 6, ov(i): 3
v: 6, ov(i): 8
v: 1, ov(i): 9
v: 9, ov(i): 7
v: 7, ov(i): 5
v: 5, ov(i): 4
v: 4, ov(i): 2
v: 2, ov(i): 3
v: 3, ov(i): 6
v: 6, ov(i): 8
v: 8, ov(i): 10
v: 10, ov(i): 12
